M1 = 1;
M2 = 0.5;
k  = 1;
F  = 1;
mu = 0.02;
g  = 9.8;